00000000000000000000000000000000
01000000000000000000000000000000
00001000010000100001000010000100
00010000100001000010000100001000
00011000110001100011000110001100
00100001000010000100001000010000
00101001010010100101001010010100
00110001100011000110001100011000
00111001110011100111001110011100
01000010000100001000010000100000
01001010010100101001010010100100
01010010100101001010010100101000
01011010110101101011010110101100
01100011000110001100011000110000
01101011010110101101011010110100
01110011100111001110011100111000
01111011110111101111011110111100
10000100001000010000100001000000
10001100011000110001100011000100
10010100101001010010100101001000
10011100111001110011100111001100
10100101001010010100101001010000
10101101011010110101101011010100
10110101101011010110101101011000
10111101111011110111101111011100
11000110001100011000110001100000
11001110011100111001110011100100
11010110101101011010110101101000
11011110111101111011110111101100
11100111001110011100111001110000
11101111011110111101111011110100
11110111101111011110111101111000
11111111111111111111111111111100
00000000000000000000000000000000
00001000010000100001000010000100
00010000100001000010000100001000
00011000110001100011000110001100
00100001000010000100001000010000
00101001010010100101001010010100
00110001100011000110001100011000
00111001110011100111001110011100
01000010000100001000010000100000
01001010010100101001010010100100
01010010100101001010010100101000
01011010110101101011010110101100
01100011000110001100011000110000
01101011010110101101011010110100
01110011100111001110011100111000
01111011110111101111011110111100
10000100001000010000100001000000
11111111111111111111111111111100
11110111101111011110111101111000
11101111011110111101111011110100
11100111001110011100111001110000
11011110111101111011110111101100
11010110101101011010110101101000
11001110011100111001110011100100
11000110001100011000110001100000
10111101111011110111101111011100
10110101101011010110101101011000
10101101011010110101101011010100
10100101001010010100101001010000
10011100111001110011100111001100
10010100101001010010100101001000
10001100011000110001100011000100
10000000000000000000000000000000